Date,Open,High,Low,Close,Volume,Change,Delta,Change_Ratio,Delta_Ratio,Variance,momentum
2023-08-29,19.74,19.75,19.74,19.75,1787,0.01,0.01,0.05,0.05,0.01,-1
2023-08-28,19.75,19.75,19.75,19.75,388,0.0,0.0,0.0,0.0,0.0,-1
2023-08-25,19.88,19.88,19.74,19.85,400,-0.03,0.14,-0.16,0.73,0.07,1
2023-08-24,19.9,19.96,19.7,19.7,3779,-0.2,0.26,-1.01,1.32,0.13,-1
2023-08-23,19.7,19.95,19.7,19.9,694,0.2,0.25,1.01,1.26,0.12,1
2023-08-22,19.58,19.75,19.51,19.52,4656,-0.07,0.24,-0.33,1.23,0.12,-1
2023-08-21,19.79,19.79,19.7,19.75,4871,-0.04,0.09,-0.2,0.46,0.05,1
2023-08-18,19.76,19.76,19.52,19.52,421,-0.24,0.24,-1.23,1.23,0.12,1
2023-08-17,19.75,19.82,19.43,19.5,675,-0.25,0.39,-1.27,2.0,0.2,-1
2023-08-16,19.71,19.75,19.71,19.75,1501,0.04,0.04,0.2,0.2,0.02,-1
2023-08-15,19.77,19.77,19.77,19.77,140,0.0,0.0,0.0,0.0,0.0,-1
2023-08-14,19.85,20.0,19.85,20.0,1652,0.15,0.15,0.75,0.75,0.07,1
2023-08-11,19.68,19.95,19.68,19.95,2293,0.27,0.27,1.38,1.38,0.14,-1
2023-08-10,20.0,20.0,20.0,20.0,408,0.0,0.0,0.0,0.0,0.0,-1
2023-08-09,19.78,20.0,19.78,20.0,1262,0.22,0.22,1.08,1.1,0.11,1
2023-08-08,19.75,19.82,19.63,19.75,5227,-0.0,0.19,-0.02,0.96,0.09,-1
2023-08-07,20.0,20.0,20.0,20.0,215,0.0,0.0,0.0,0.0,0.0,1
2023-08-04,19.55,19.55,19.55,19.55,0,0.0,0.0,0.0,0.0,0.0,-1
2023-08-03,19.55,19.55,19.55,19.55,135,0.0,0.0,0.0,0.0,0.0,1
2023-08-02,19.5,19.5,19.5,19.5,102,0.0,0.0,0.0,0.0,0.0,-1
2023-08-01,19.9,19.9,19.7,19.82,4068,-0.08,0.2,-0.4,0.98,0.1,1
2023-07-31,19.99,19.99,19.75,19.75,3876,-0.24,0.24,-1.22,1.22,0.12,-1
2023-07-28,19.75,19.85,19.7,19.85,3166,0.1,0.15,0.5,0.76,0.08,1
2023-07-27,19.8,19.8,19.8,19.8,1933,0.0,0.0,0.0,0.0,0.0,-1
2023-07-26,19.6,19.99,19.6,19.9,1121,0.3,0.39,1.49,1.96,0.19,1
2023-07-25,19.69,19.69,19.69,19.69,80,0.0,0.0,0.0,0.0,0.0,-1
2023-07-24,19.56,19.75,19.55,19.69,10898,0.14,0.2,0.69,1.02,0.1,-1
2023-07-21,19.51,19.85,19.51,19.8,2176,0.29,0.34,1.46,1.72,0.17,1
2023-07-20,19.11,19.16,19.11,19.16,1146,0.05,0.05,0.26,0.26,0.03,-1
2023-07-19,19.52,19.52,19.52,19.52,1205,-0.0,0.0,-0.03,0.03,0.0,1
2023-07-18,19.3,19.47,19.3,19.44,1200,0.14,0.17,0.72,0.87,0.08,1
2023-07-17,19.42,19.69,19.33,19.34,3217,-0.09,0.36,-0.44,1.87,0.18,-1
2023-07-14,19.75,19.75,19.74,19.74,1780,-0.01,0.01,-0.05,0.05,0.01,-1
2023-07-13,19.75,19.75,19.75,19.75,104,0.0,0.0,0.0,0.0,0.0,1
2023-07-12,19.7,19.7,19.69,19.69,560,-0.01,0.01,-0.04,0.04,0.0,1
2023-07-11,19.3,19.47,19.26,19.47,2333,0.17,0.21,0.87,1.08,0.1,1
2023-07-10,19.1,19.1,19.0,19.0,10786,-0.1,0.1,-0.53,0.53,0.05,-1
2023-07-07,19.41,19.41,18.96,19.0,6519,-0.41,0.45,-2.16,2.37,0.22,-1
2023-07-06,19.2,19.2,19.2,19.2,1087,0.0,0.0,0.0,0.0,0.0,-1
2023-07-05,19.11,19.58,19.11,19.2,2681,0.09,0.47,0.47,2.45,0.23,1
2023-07-03,19.3,19.3,19.08,19.08,898,-0.22,0.22,-1.15,1.15,0.11,-1
2023-06-30,19.21,19.88,19.21,19.75,1289,0.54,0.66,2.73,3.37,0.33,1
2023-06-29,19.5,19.5,19.5,19.5,583,0.0,0.0,0.0,0.0,0.0,-1
2023-06-28,19.95,19.95,19.5,19.6,638,-0.35,0.45,-1.79,2.3,0.22,1
2023-06-27,19.65,19.65,19.45,19.45,973,-0.2,0.2,-1.03,1.03,0.1,-1
2023-06-26,19.4,19.99,19.4,19.45,5087,0.05,0.59,0.26,3.03,0.3,1
2023-06-23,18.7,19.0,18.5,19.0,2212,0.3,0.5,1.58,2.63,0.25,-1
2023-06-22,18.74,19.01,18.21,19.0,3489,0.26,0.8,1.37,4.21,0.4,-1
2023-06-21,19.82,19.82,19.42,19.42,1347,-0.4,0.4,-2.06,2.06,0.2,1
2023-06-20,19.01,19.2,18.75,19.2,6495,0.19,0.45,0.99,2.34,0.22,-1
2023-06-16,19.5,20.0,19.5,19.5,1713,0.0,0.5,0.0,2.56,0.25,-1
2023-06-15,19.31,19.59,19.25,19.59,1830,0.28,0.34,1.43,1.74,0.17,-1
2023-06-14,19.85,19.85,19.85,19.85,142,0.0,0.0,0.0,0.0,0.0,-1
2023-06-13,20.04,20.04,19.85,19.85,1415,-0.19,0.19,-0.96,0.96,0.09,-1
2023-06-12,19.71,19.85,19.71,19.85,939,0.14,0.14,0.71,0.71,0.07,-1
2023-06-09,20.0,20.0,19.9,19.9,1682,-0.1,0.1,-0.5,0.5,0.05,-1
2023-06-08,19.55,19.95,19.55,19.95,2680,0.4,0.4,2.01,2.01,0.2,-1
2023-06-07,19.57,19.95,19.57,19.95,795,0.38,0.38,1.9,1.9,0.19,1
2023-06-06,19.46,19.92,19.46,19.92,4558,0.46,0.46,2.31,2.31,0.23,1
2023-06-05,19.55,19.91,19.42,19.91,2964,0.36,0.49,1.81,2.46,0.24,1
2023-06-02,19.45,19.45,19.25,19.45,2713,-0.0,0.2,-0.01,1.03,0.1,1
2023-06-01,19.45,19.45,19.38,19.38,31036,-0.07,0.07,-0.39,0.39,0.04,1
2023-05-31,19.2,19.32,19.2,19.2,4876,0.0,0.12,0.0,0.65,0.06,-1
2023-05-30,19.5,19.5,19.4,19.4,706,-0.1,0.1,-0.51,0.51,0.05,1
2023-05-26,18.98,19.0,18.98,19.0,535,0.02,0.02,0.1,0.1,0.01,-1
2023-05-25,19.0,19.0,18.7,19.0,4301,0.0,0.3,0.0,1.58,0.15,-1
2023-05-24,19.05,19.18,19.05,19.15,3305,0.1,0.13,0.52,0.7,0.07,-1
2023-05-23,19.78,19.8,19.78,19.79,1445,0.0,0.01,0.03,0.06,0.01,-1
2023-05-22,19.9,19.9,19.8,19.8,2325,-0.1,0.1,-0.51,0.51,0.05,-1
2023-05-19,19.95,19.95,19.87,19.87,8095,-0.08,0.08,-0.4,0.4,0.04,-1
2023-05-18,20.0,20.09,19.82,19.94,77693,-0.05,0.27,-0.28,1.37,0.14,1
2023-05-17,19.9,19.9,19.9,19.9,2977,0.0,0.0,0.0,0.0,0.0,-1
2023-05-16,20.09,20.09,19.81,20.0,4577,-0.09,0.28,-0.45,1.4,0.14,-1
2023-05-15,19.75,20.0,19.75,20.0,3178,0.25,0.25,1.25,1.25,0.12,1
2023-05-12,19.77,19.77,19.75,19.75,2740,-0.02,0.03,-0.13,0.13,0.01,-1
2023-05-11,20.0,20.0,19.77,19.77,1245,-0.23,0.23,-1.14,1.14,0.11,1
2023-05-10,19.77,19.77,19.67,19.67,752,-0.1,0.1,-0.53,0.53,0.05,-1
2023-05-09,19.9,19.9,19.87,19.9,1626,0.0,0.03,0.0,0.15,0.02,-1
2023-05-08,20.3,20.3,20.3,20.3,5,0.0,0.0,0.0,0.0,0.0,-1
2023-05-05,20.1,20.3,19.55,20.3,2271,0.2,0.75,0.99,3.69,0.38,-1
2023-05-04,20.1,20.79,20.1,20.79,229,0.69,0.69,3.32,3.32,0.34,1
2023-05-03,20.05,20.05,20.05,20.05,214,0.0,0.0,0.0,0.0,0.0,-1
2023-05-02,20.21,20.21,20.05,20.05,1452,-0.16,0.16,-0.8,0.8,0.08,1
2023-05-01,19.95,19.95,19.95,19.95,58,0.0,0.0,0.0,0.0,0.0,-1
2023-04-28,19.95,19.95,19.95,19.95,876,-0.0,0.0,-0.0,0.0,0.0,1
2023-04-27,19.9,19.94,19.9,19.94,20123,0.04,0.04,0.2,0.2,0.02,-1
2023-04-26,19.95,20.02,19.95,19.95,1927,-0.0,0.07,-0.0,0.37,0.04,-1
2023-04-25,20.0,20.0,19.95,19.95,5355,-0.05,0.05,-0.25,0.25,0.03,-1
2023-04-24,19.96,19.96,19.95,19.95,735,-0.01,0.01,-0.05,0.05,0.01,1
2023-04-21,20.0,20.0,19.78,19.9,2890,-0.1,0.21,-0.5,1.08,0.11,-1
2023-04-20,20.0,20.0,20.0,20.0,215,0.0,0.0,0.0,0.0,0.0,1
2023-04-19,19.9,20.0,19.9,19.95,13482,0.05,0.11,0.25,0.53,0.05,1
2023-04-18,19.85,19.85,19.85,19.85,43,0.0,0.0,0.0,0.0,0.0,-1
2023-04-17,19.85,19.86,19.72,19.85,1104,0.0,0.14,0.0,0.71,0.07,1
2023-04-14,19.9,19.9,19.81,19.81,527,-0.09,0.09,-0.45,0.45,0.04,1
2023-04-13,20.08,20.08,19.61,19.61,1078,-0.47,0.47,-2.4,2.4,0.23,-1
2023-04-12,20.08,20.08,20.04,20.04,1006,-0.04,0.04,-0.2,0.2,0.02,-1
2023-04-11,20.26,20.26,20.06,20.06,778,-0.2,0.2,-0.97,0.97,0.1,-1
2023-04-10,20.1,20.1,20.1,20.1,1017,0.0,0.0,0.0,0.0,0.0,1
2023-04-06,20.09,20.09,20.09,20.09,101,0.0,0.0,0.0,0.0,0.0,-1
2023-04-05,20.1,20.1,20.1,20.1,173,0.0,0.0,0.0,0.0,0.0,-1
2023-04-04,19.99,20.1,19.78,20.1,11511,0.11,0.32,0.55,1.59,0.16,1
2023-04-03,19.96,20.0,19.69,19.99,5341,0.03,0.31,0.15,1.55,0.15,1
2023-03-31,19.64,19.64,19.64,19.64,309,0.0,0.0,0.0,0.0,0.0,1
2023-03-30,19.26,19.56,19.21,19.53,934,0.27,0.35,1.38,1.79,0.17,-1
2023-03-29,19.55,19.6,19.55,19.6,1814,0.05,0.05,0.26,0.26,0.03,1
2023-03-28,19.55,19.55,19.18,19.18,715,-0.37,0.37,-1.93,1.93,0.19,-1
2023-03-27,19.52,19.52,19.52,19.52,0,0.0,0.0,0.0,0.0,0.0,-1
2023-03-24,19.11,19.52,19.11,19.52,372,0.41,0.41,2.08,2.08,0.2,1
2023-03-23,19.61,19.65,19.26,19.26,1303,-0.35,0.39,-1.83,2.02,0.19,-1
2023-03-22,19.8,19.8,19.8,19.8,615,0.0,0.0,0.0,0.0,0.0,-1
2023-03-21,19.8,20.12,19.8,20.12,1395,0.32,0.32,1.59,1.59,0.16,-1
2023-03-20,20.5,20.5,20.18,20.22,1807,-0.28,0.31,-1.38,1.56,0.16,-1
2023-03-17,20.79,20.79,20.79,20.79,159,0.0,0.0,0.0,0.0,0.0,1
2023-03-16,19.3,19.3,19.14,19.3,24045,0.0,0.16,0.0,0.83,0.08,-1
2023-03-15,19.5,19.75,18.6,19.75,1779,0.25,1.15,1.27,5.82,0.57,1
2023-03-14,19.6,19.6,19.6,19.6,45,0.0,0.0,0.0,0.0,0.0,-1
2023-03-13,20.04,20.04,19.6,19.6,4522,-0.44,0.44,-2.24,2.24,0.22,-1
2023-03-10,21.0,21.0,20.26,20.4,590,-0.6,0.74,-2.94,3.62,0.37,1
2023-03-09,20.4,20.4,20.07,20.07,506,-0.33,0.33,-1.64,1.64,0.16,-1
2023-03-08,20.4,20.7,20.4,20.41,7431,0.01,0.3,0.05,1.47,0.15,-1
2023-03-07,21.0,21.0,20.6,20.86,5656,-0.14,0.4,-0.67,1.92,0.2,-1
2023-03-06,21.47,21.47,21.28,21.42,7905,-0.05,0.18,-0.23,0.86,0.09,1
2023-03-03,21.34,21.46,21.01,21.21,872,-0.13,0.45,-0.61,2.12,0.22,1
2023-03-02,21.63,21.65,21.15,21.15,4580,-0.48,0.5,-2.27,2.36,0.25,-1
2023-03-01,21.0,21.2,21.0,21.2,448,0.2,0.2,0.94,0.94,0.1,1
2023-02-28,21.1,21.11,21.1,21.11,1627,0.01,0.01,0.05,0.05,0.0,1
2023-02-27,21.35,21.35,21.0,21.0,3263,-0.35,0.35,-1.67,1.67,0.18,-1
2023-02-24,21.45,21.62,21.17,21.62,12481,0.17,0.45,0.78,2.08,0.22,-1
2023-02-23,21.45,21.65,21.45,21.65,953,0.2,0.2,0.92,0.92,0.1,1
2023-02-22,21.5,21.64,21.38,21.38,1930,-0.12,0.26,-0.56,1.22,0.13,1
2023-02-21,21.19,21.65,21.17,21.3,1575,0.11,0.48,0.52,2.25,0.24,-1
2023-02-17,21.3,21.45,21.3,21.32,1500,0.02,0.15,0.09,0.7,0.07,-1
2023-02-16,21.45,21.65,21.45,21.45,886,0.0,0.2,0.0,0.93,0.1,-1
2023-02-15,21.45,21.55,21.45,21.55,762,0.1,0.1,0.46,0.46,0.05,-1
2023-02-14,21.62,21.69,21.45,21.6,1091,-0.02,0.24,-0.08,1.11,0.12,1
2023-02-13,21.74,21.75,21.45,21.45,2722,-0.29,0.3,-1.35,1.4,0.15,-1
2023-02-10,21.56,21.56,21.44,21.45,6227,-0.11,0.12,-0.51,0.58,0.06,1
2023-02-09,21.71,21.71,21.34,21.4,3659,-0.31,0.37,-1.45,1.73,0.19,-1
2023-02-08,21.5,21.5,21.43,21.43,1400,-0.07,0.07,-0.33,0.33,0.04,1
2023-02-07,21.22,21.5,21.17,21.4,6225,0.18,0.33,0.84,1.54,0.16,-1
2023-02-06,21.43,21.43,21.17,21.4,2155,-0.03,0.26,-0.14,1.21,0.13,-1
2023-02-03,21.5,21.77,21.28,21.77,1686,0.27,0.49,1.24,2.25,0.24,-1
2023-02-02,21.8,22.21,21.55,21.9,35872,0.1,0.66,0.46,3.01,0.33,1
2023-02-01,21.65,21.85,21.56,21.8,3916,0.15,0.29,0.69,1.31,0.14,1
2023-01-31,21.76,21.85,21.5,21.76,6901,0.0,0.35,0.02,1.61,0.18,1
2023-01-30,21.63,21.63,21.4,21.42,7648,-0.21,0.23,-0.98,1.07,0.12,-1
2023-01-27,21.42,21.5,21.41,21.42,4733,0.0,0.09,0.0,0.42,0.04,1
2023-01-26,21.4,21.71,21.22,21.38,23207,-0.02,0.49,-0.09,2.29,0.24,-1
2023-01-25,21.45,21.45,21.4,21.4,3931,-0.05,0.05,-0.23,0.23,0.03,-1
2023-01-24,21.45,21.5,21.38,21.42,11251,-0.03,0.12,-0.14,0.57,0.06,1
2023-01-23,21.4,21.5,21.4,21.4,12061,-0.0,0.1,-0.01,0.47,0.05,1
2023-01-20,21.14,21.14,21.14,21.14,297,0.0,0.0,0.0,0.0,0.0,-1
2023-01-19,21.18,21.18,21.18,21.18,453,0.0,0.0,0.0,0.0,0.0,-1
2023-01-18,21.0,21.42,21.0,21.42,3591,0.42,0.43,1.96,1.98,0.21,1
2023-01-17,20.8,20.8,20.8,20.8,140,0.0,0.0,0.0,0.0,0.0,1
2023-01-13,20.61,20.61,20.61,20.61,187,0.0,0.0,0.0,0.0,0.0,-1
2023-01-12,20.61,20.61,20.55,20.61,2234,0.0,0.06,0.01,0.3,0.03,-1
2023-01-11,20.65,20.65,20.65,20.65,390,0.0,0.0,0.0,0.0,0.0,-1
2023-01-10,20.75,20.75,20.75,20.75,330,0.0,0.0,0.0,0.0,0.0,-1
2023-01-09,21.0,21.0,20.8,20.8,1504,-0.2,0.2,-0.96,0.96,0.1,1
2023-01-06,20.6,20.6,20.6,20.6,197,0.0,0.0,0.0,0.0,0.0,-1
2023-01-05,20.69,20.69,20.69,20.69,946,0.0,0.0,0.0,0.0,0.0,-1
2023-01-04,20.37,20.81,20.37,20.81,3561,0.44,0.44,2.11,2.11,0.22,1
2023-01-03,20.33,20.5,20.33,20.37,840,0.04,0.17,0.19,0.83,0.08,-1
2022-12-30,20.25,20.45,20.25,20.45,873,0.2,0.2,0.98,0.98,0.1,1
2022-12-29,20.6,20.6,20.2,20.26,5043,-0.34,0.4,-1.68,1.97,0.2,1
2022-12-28,20.3,20.3,19.95,20.23,5098,-0.07,0.35,-0.35,1.73,0.18,1
2022-12-27,20.71,20.71,20.1,20.16,3749,-0.55,0.61,-2.73,3.03,0.3,-1
2022-12-23,20.14,20.86,20.14,20.86,901,0.72,0.72,3.45,3.45,0.36,1
2022-12-22,20.11,20.64,20.0,20.02,3509,-0.09,0.64,-0.45,3.2,0.32,-1
2022-12-21,20.11,20.88,19.95,20.88,7268,0.77,0.93,3.69,4.45,0.46,1
2022-12-20,20.55,20.55,20.07,20.1,2021,-0.45,0.48,-2.24,2.39,0.24,-1
2022-12-19,19.95,20.32,19.95,20.32,515,0.38,0.38,1.85,1.85,0.19,-1
2022-12-16,20.57,20.57,20.5,20.51,5718,-0.06,0.07,-0.29,0.34,0.04,-1
2022-12-15,20.25,20.93,20.25,20.93,2482,0.68,0.68,3.25,3.25,0.34,1
2022-12-14,20.39,20.5,20.25,20.36,1630,-0.03,0.25,-0.15,1.23,0.12,1
2022-12-13,19.95,20.99,19.95,19.95,4561,0.0,1.04,0.0,5.21,0.52,-1
2022-12-12,20.3,20.3,20.11,20.11,531,-0.19,0.19,-0.94,0.94,0.1,-1
2022-12-09,21.1,21.1,19.69,20.9,3163,-0.2,1.41,-0.96,6.76,0.71,-1
2022-12-08,21.9,21.9,21.9,21.9,43,0.0,0.0,0.0,0.0,0.0,-1
2022-12-07,21.9,21.9,21.9,21.9,1557,0.0,0.0,0.0,0.0,0.0,1
2022-12-06,21.7,21.7,21.62,21.62,1090,-0.08,0.08,-0.37,0.37,0.04,1
2022-12-05,21.55,21.55,21.25,21.42,1834,-0.13,0.3,-0.61,1.4,0.15,-1
2022-12-02,21.16,21.75,21.16,21.75,2642,0.59,0.59,2.71,2.71,0.29,1
2022-12-01,21.1,21.36,21.1,21.2,1926,0.1,0.26,0.47,1.23,0.13,-1
2022-11-30,20.81,21.43,20.81,21.38,2071,0.57,0.62,2.67,2.9,0.31,1
2022-11-29,21.0,21.0,20.72,20.89,645,-0.11,0.28,-0.53,1.34,0.14,1
2022-11-28,20.25,20.76,20.25,20.73,525,0.48,0.52,2.32,2.48,0.26,1
2022-11-25,20.25,20.25,20.15,20.24,408,-0.01,0.1,-0.05,0.49,0.05,1
2022-11-23,19.8,20.02,19.8,19.95,13088,0.15,0.22,0.75,1.1,0.11,-1
2022-11-22,20.95,20.95,20.04,20.5,948,-0.45,0.91,-2.2,4.44,0.46,-1
2022-11-21,21.26,21.75,21.25,21.25,491,-0.01,0.5,-0.05,2.35,0.25,1
2022-11-18,20.95,20.95,20.95,20.95,510,0.0,0.0,0.0,0.0,0.0,-1
2022-11-17,20.94,20.95,20.94,20.95,402,0.01,0.01,0.05,0.05,0.0,1
2022-11-16,21.14,21.25,20.21,20.21,6244,-0.93,1.04,-4.6,5.15,0.52,-1
2022-11-15,21.0,21.02,21.0,21.0,1938,0.0,0.02,0.0,0.1,0.01,1
2022-11-14,21.64,21.96,20.42,20.99,3750,-0.65,1.54,-3.1,7.34,0.77,-1
2022-11-11,21.6,21.78,21.45,21.78,372,0.18,0.33,0.83,1.52,0.17,1
2022-11-10,20.95,21.99,20.95,21.6,2279,0.65,1.04,3.01,4.81,0.52,1
2022-11-09,20.4,20.4,20.4,20.4,1728,0.0,0.0,0.0,0.0,0.0,-1
2022-11-08,19.8,20.43,19.8,20.43,2580,0.63,0.63,3.11,3.11,0.32,1
2022-11-07,20.08,20.08,20.08,20.08,128,0.0,0.0,0.0,0.0,0.0,-1
2022-11-04,20.08,20.08,20.08,20.08,11,0.0,0.0,0.0,0.0,0.0,-1
2022-11-03,20.08,20.08,20.08,20.08,5,0.0,0.0,0.0,0.0,0.0,-1
2022-11-02,19.86,20.78,19.75,20.08,2452,0.22,1.04,1.1,5.15,0.52,1
2022-11-01,20.09,20.09,19.85,19.85,355,-0.24,0.24,-1.21,1.21,0.12,-1
2022-10-31,19.7,20.22,19.7,19.86,3005,0.16,0.52,0.82,2.62,0.26,-1
2022-10-28,20.2,20.2,20.2,20.2,208,0.0,0.0,0.0,0.0,0.0,1
2022-10-27,19.6,19.75,19.6,19.7,9810,0.1,0.15,0.51,0.76,0.07,-1
2022-10-26,19.55,20.38,19.2,20.38,3369,0.83,1.18,4.07,5.79,0.59,1
2022-10-25,19.51,19.51,19.51,19.51,83,0.0,0.0,0.0,0.0,0.0,-1
2022-10-24,19.1,19.51,19.1,19.51,14045,0.41,0.41,2.1,2.1,0.21,1
2022-10-21,19.15,19.15,18.83,19.15,5079,0.0,0.32,0.0,1.67,0.16,-1
2022-10-20,19.5,19.5,19.37,19.41,3941,-0.09,0.13,-0.45,0.67,0.06,-1
2022-10-19,19.68,19.68,19.68,19.68,20,0.0,0.0,0.0,0.0,0.0,-1
2022-10-18,19.63,20.0,19.63,19.68,10574,0.05,0.37,0.23,1.88,0.19,1
2022-10-17,19.69,19.69,19.5,19.5,4005,-0.19,0.19,-0.97,0.97,0.1,-1
2022-10-14,19.6,19.6,19.28,19.58,5562,-0.02,0.32,-0.1,1.63,0.16,-1
2022-10-13,20.0,20.1,19.61,19.61,3882,-0.39,0.49,-1.99,2.5,0.25,-1
2022-10-12,20.22,20.3,20.22,20.3,1092,0.08,0.08,0.39,0.39,0.04,1
2022-10-11,20.0,20.0,20.0,20.0,10,0.0,0.0,0.0,0.0,0.0,-1
2022-10-10,20.0,20.0,20.0,20.0,0,0.0,0.0,0.0,0.0,0.0,-1
2022-10-07,20.67,20.67,20.0,20.0,6607,-0.67,0.67,-3.35,3.35,0.34,-1
2022-10-06,20.68,20.68,20.68,20.68,160,0.0,0.0,0.0,0.0,0.0,-1
2022-10-05,20.68,20.68,20.68,20.68,157,0.0,0.0,0.0,0.0,0.0,-1
2022-10-04,21.3,21.3,20.95,21.3,615,0.0,0.35,0.0,1.64,0.18,-1
2022-10-03,21.96,21.96,21.96,21.96,5,0.0,0.0,0.0,0.0,0.0,-1
2022-09-30,21.99,21.99,21.96,21.96,212,-0.03,0.03,-0.14,0.14,0.01,-1
2022-09-29,22.0,22.01,22.0,22.0,2150,0.0,0.01,0.0,0.05,0.01,-1
2022-09-28,22.05,22.05,22.05,22.05,229,0.0,0.0,0.0,0.0,0.0,1
2022-09-27,22.01,22.03,21.24,21.24,1185,-0.77,0.79,-3.63,3.72,0.4,-1
2022-09-26,22.5,22.5,22.01,22.01,661,-0.49,0.49,-2.23,2.23,0.24,1
2022-09-23,22.41,22.41,22.0,22.0,912,-0.41,0.41,-1.86,1.86,0.21,-1
2022-09-22,22.41,22.41,22.41,22.41,39,0.0,0.0,0.0,0.0,0.0,-1
2022-09-21,21.8,23.29,21.8,22.41,3997,0.61,1.49,2.72,6.65,0.74,-1
2022-09-20,22.26,23.49,22.26,23.3,6846,1.04,1.23,4.46,5.28,0.61,1
2022-09-19,22.25,22.99,21.8,22.8,3753,0.55,1.19,2.41,5.22,0.59,1
2022-09-16,22.5,22.5,22.5,22.5,0,0.0,0.0,0.0,0.0,0.0,-1
2022-09-15,22.15,22.5,22.15,22.5,344,0.35,0.35,1.56,1.56,0.18,1
2022-09-14,22.1,22.61,22.1,22.34,462,0.24,0.51,1.07,2.3,0.26,1
2022-09-13,22.07,22.38,21.67,22.0,4106,-0.07,0.71,-0.32,3.23,0.35,-1
2022-09-12,22.73,23.31,22.5,22.9,7590,0.17,0.81,0.74,3.53,0.4,-1
2022-09-09,23.5,23.5,23.5,23.5,100,0.0,0.0,0.0,0.0,0.0,-1
2022-09-08,24.3,24.3,23.9,23.9,555,-0.4,0.4,-1.67,1.67,0.2,-1
2022-09-07,23.95,23.95,23.27,23.9,1008,-0.05,0.68,-0.21,2.85,0.34,-1
2022-09-06,24.0,24.0,24.0,24.0,42,0.0,0.0,0.0,0.0,0.0,-1
2022-09-02,24.61,24.61,24.0,24.0,300,-0.61,0.61,-2.54,2.54,0.3,1
2022-09-01,23.9,23.9,23.9,23.9,0,0.0,0.0,0.0,0.0,0.0,-1
2022-08-31,24.25,24.25,23.9,23.9,6051,-0.35,0.35,-1.46,1.46,0.18,-1
2022-08-30,23.6,23.9,23.6,23.9,444,0.3,0.3,1.26,1.26,0.15,1
2022-08-29,23.8,23.8,23.8,23.8,0,0.0,0.0,0.0,0.0,0.0,-1
2022-08-26,23.8,23.8,23.8,23.8,250,0.0,0.0,0.0,0.0,0.0,1
2022-08-25,23.69,23.69,23.69,23.69,100,0.0,0.0,0.0,0.0,0.0,1
2022-08-24,22.98,23.35,22.95,22.95,853,-0.04,0.4,-0.15,1.74,0.2,-1
2022-08-23,24.03,24.05,23.95,23.98,1584,-0.05,0.1,-0.21,0.42,0.05,-1
2022-08-22,24.53,24.76,24.53,24.64,1422,0.11,0.23,0.45,0.93,0.12,1
2022-08-19,24.5,24.53,24.5,24.53,1796,0.03,0.03,0.12,0.12,0.02,1
2022-08-18,24.52,24.52,24.52,24.52,200,0.0,0.0,0.0,0.0,0.0,-1
2022-08-17,24.75,24.75,24.5,24.63,18795,-0.12,0.25,-0.49,1.02,0.12,-1
2022-08-16,24.75,24.86,24.75,24.86,315,0.11,0.11,0.44,0.44,0.05,-1
2022-08-15,24.74,24.97,24.53,24.97,1162,0.22,0.44,0.9,1.76,0.22,-1
2022-08-12,24.58,24.99,24.58,24.99,346,0.41,0.41,1.64,1.64,0.21,1
2022-08-11,24.45,24.74,24.2,24.58,3264,0.13,0.55,0.53,2.22,0.27,1
2022-08-10,24.5,24.55,24.4,24.45,46236,-0.05,0.15,-0.2,0.61,0.08,1
2022-08-09,24.4,24.4,24.27,24.4,3467,0.0,0.13,0.0,0.53,0.06,1
2022-08-08,25.04,25.04,24.05,24.3,5096,-0.74,0.99,-3.05,4.07,0.49,-1
2022-08-05,24.87,24.87,24.87,24.87,0,0.0,0.0,0.0,0.0,0.0,-1
2022-08-04,24.83,24.87,24.83,24.87,999,0.04,0.04,0.16,0.16,0.02,1
2022-08-03,24.86,24.86,24.86,24.86,0,0.0,0.0,0.0,0.0,0.0,-1
2022-08-02,24.86,24.86,24.86,24.86,0,0.0,0.0,0.0,0.0,0.0,-1
2022-08-01,24.45,24.86,24.4,24.86,606,0.41,0.46,1.65,1.85,0.23,1
2022-07-29,23.9,23.99,23.6,23.99,2007,0.09,0.39,0.38,1.63,0.19,1
2022-07-28,23.9,23.9,23.9,23.9,237,0.0,0.0,0.0,0.0,0.0,1
2022-07-27,23.55,23.55,23.55,23.55,200,0.0,0.0,0.0,0.0,0.0,1
2022-07-26,22.85,22.85,22.85,22.85,0,0.0,0.0,0.0,0.0,0.0,-1
2022-07-25,22.85,22.85,22.85,22.85,372,0.0,0.0,0.0,0.0,0.0,-1
2022-07-22,22.85,22.85,22.85,22.85,5,0.0,0.0,0.0,0.0,0.0,-1
2022-07-21,22.85,22.85,22.85,22.85,49,0.0,0.0,0.0,0.0,0.0,-1
2022-07-20,22.85,22.85,22.85,22.85,565,0.0,0.0,0.0,0.0,0.0,1
2022-07-19,22.0,22.2,22.0,22.2,1231,0.2,0.2,0.9,0.9,0.1,1
2022-07-18,22.0,22.01,21.77,22.0,7816,0.0,0.24,0.0,1.09,0.12,-1
2022-07-15,21.99,22.1,21.8,22.03,12938,0.04,0.3,0.18,1.36,0.15,1
2022-07-14,22.0,22.02,22.0,22.0,4389,0.0,0.02,0.0,0.11,0.01,-1
2022-07-13,22.06,22.06,21.99,22.0,1266,-0.06,0.07,-0.27,0.32,0.04,-1
2022-07-12,22.21,22.21,22.21,22.21,27,0.0,0.0,0.0,0.0,0.0,-1
2022-07-11,22.49,22.49,22.21,22.21,1178,-0.28,0.28,-1.27,1.27,0.14,-1
2022-07-08,22.4,22.4,22.4,22.4,1,0.0,0.0,0.0,0.0,0.0,-1
2022-07-07,22.4,22.4,22.4,22.4,470,0.0,0.0,0.0,0.0,0.0,1
2022-07-06,22.47,23.02,22.27,22.27,2236,-0.2,0.75,-0.9,3.37,0.38,-1
2022-07-05,23.2,23.22,23.04,23.22,2611,0.02,0.18,0.09,0.78,0.09,-1
2022-07-01,23.41,23.41,22.99,23.41,1164,0.0,0.42,0.0,1.79,0.21,1
2022-06-30,22.56,22.98,22.56,22.98,866,0.42,0.42,1.83,1.83,0.21,1
2022-06-29,21.94,22.2,21.94,22.2,1672,0.26,0.26,1.17,1.17,0.13,1
2022-06-28,22.19,22.6,21.88,22.0,2532,-0.19,0.72,-0.86,3.27,0.36,1
2022-06-27,21.59,21.62,21.4,21.62,2227,0.03,0.22,0.13,1.01,0.11,1
2022-06-24,22.0,22.02,21.4,21.4,3656,-0.6,0.62,-2.8,2.88,0.31,-1
2022-06-23,22.0,23.0,21.6,21.78,3689,-0.22,1.4,-1.01,6.43,0.7,1
2022-06-22,21.5,21.7,21.5,21.7,4739,0.2,0.2,0.92,0.92,0.1,1
2022-06-21,21.53,22.25,21.44,21.65,4753,0.12,0.81,0.55,3.74,0.4,1
2022-06-17,21.5,21.51,21.49,21.51,8708,0.01,0.02,0.05,0.09,0.01,-1
2022-06-16,21.94,21.94,21.27,21.51,548,-0.43,0.67,-2.01,3.13,0.34,-1
2022-06-15,22.5,22.5,21.93,22.01,713,-0.49,0.57,-2.23,2.59,0.29,-1
2022-06-14,22.81,22.84,22.23,22.31,1538,-0.5,0.61,-2.24,2.71,0.3,-1
2022-06-13,22.81,22.81,22.81,22.81,128,0.0,0.0,0.0,0.0,0.0,-1
2022-06-10,22.84,22.84,22.84,22.84,392,0.0,0.0,0.0,0.0,0.0,-1
2022-06-09,23.09,23.09,22.93,22.93,1688,-0.16,0.16,-0.71,0.71,0.08,-1
2022-06-08,23.5,23.5,23.08,23.08,1099,-0.43,0.43,-1.84,1.84,0.21,-1
2022-06-07,23.75,23.86,23.69,23.69,6725,-0.06,0.17,-0.25,0.72,0.08,1
2022-06-06,24.5,24.5,23.67,23.67,605,-0.83,0.83,-3.51,3.51,0.41,-1
2022-06-03,24.35,24.35,24.35,24.35,205,0.0,0.0,0.0,0.0,0.0,1
2022-06-02,23.95,23.95,23.75,23.75,1958,-0.2,0.2,-0.86,0.86,0.1,1
2022-06-01,23.7,23.7,23.4,23.56,4191,-0.14,0.3,-0.62,1.27,0.15,-1
2022-05-31,23.4,23.97,23.4,23.7,2344,0.3,0.57,1.26,2.41,0.29,-1
2022-05-27,23.54,23.79,23.54,23.79,748,0.25,0.25,1.05,1.05,0.12,1
2022-05-26,23.5,23.7,23.09,23.4,8074,-0.1,0.61,-0.43,2.62,0.31,-1
2022-05-25,23.48,23.5,23.48,23.5,690,0.02,0.02,0.08,0.08,0.01,1
2022-05-24,23.2,23.2,23.2,23.2,0,0.0,0.0,0.0,0.0,0.0,-1
2022-05-23,23.2,23.2,23.2,23.2,2656,0.0,0.0,0.0,0.0,0.0,-1
2022-05-20,23.15,23.2,23.15,23.2,1102,0.05,0.05,0.22,0.22,0.03,1
2022-05-19,23.14,23.14,23.14,23.14,276,0.0,0.0,0.0,0.0,0.0,-1
2022-05-18,23.25,23.25,23.25,23.25,317,0.0,0.0,0.0,0.0,0.0,1
2022-05-17,23.0,23.0,23.0,23.0,471,0.0,0.0,0.0,0.0,0.0,-1
2022-05-16,23.25,23.25,23.25,23.25,4,0.0,0.0,0.0,0.0,0.0,-1
2022-05-13,23.25,23.25,23.25,23.25,633,0.0,0.0,0.0,0.0,0.0,1
2022-05-12,23.2,23.2,23.2,23.2,8,0.0,0.0,0.0,0.0,0.0,-1
2022-05-11,23.2,23.2,23.2,23.2,3274,0.0,0.0,0.0,0.0,0.0,-1
2022-05-10,24.3,24.3,23.21,23.21,5215,-1.09,1.09,-4.67,4.67,0.54,-1
2022-05-09,23.14,24.35,23.14,24.1,2699,0.96,1.21,3.99,5.03,0.61,-1
2022-05-06,24.28,24.28,24.28,24.28,0,0.0,0.0,0.0,0.0,0.0,-1
2022-05-05,24.28,24.28,24.28,24.28,62,0.0,0.0,0.0,0.0,0.0,-1
2022-05-04,24.38,24.38,24.28,24.28,609,-0.1,0.1,-0.41,0.41,0.05,-1
2022-05-03,24.28,24.28,24.28,24.28,629,0.0,0.0,0.0,0.0,0.0,-1
2022-05-02,24.35,24.35,24.35,24.35,722,0.0,0.0,0.01,0.01,0.0,1
2022-04-29,24.34,24.34,24.34,24.34,456,0.0,0.0,0.0,0.0,0.0,1
2022-04-28,24.25,24.25,24.25,24.25,189,0.0,0.0,0.0,0.0,0.0,1
2022-04-27,24.25,24.25,24.15,24.15,4730,-0.1,0.1,-0.41,0.41,0.05,-1
2022-04-26,24.45,24.45,24.45,24.45,702,0.0,0.0,0.0,0.0,0.0,-1
2022-04-25,24.53,24.55,24.53,24.55,1542,0.02,0.02,0.08,0.08,0.01,1
2022-04-22,24.13,24.13,24.13,24.13,224,0.0,0.0,0.0,0.0,0.0,-1
2022-04-21,24.55,24.55,24.13,24.13,2259,-0.42,0.42,-1.74,1.74,0.21,-1
2022-04-20,24.3,24.86,24.3,24.4,9891,0.1,0.56,0.41,2.29,0.28,1
2022-04-19,24.88,24.88,24.3,24.3,21272,-0.58,0.58,-2.38,2.38,0.29,-1
2022-04-18,24.95,24.96,24.6,24.6,4341,-0.35,0.36,-1.42,1.46,0.18,-1
2022-04-14,24.9,25.41,24.9,25.41,643,0.51,0.51,2.01,2.01,0.26,1
2022-04-13,24.75,24.75,24.75,24.75,1067,0.0,0.0,0.0,0.0,0.0,-1
2022-04-12,24.91,24.93,24.75,24.75,2623,-0.16,0.18,-0.65,0.73,0.09,-1
2022-04-11,25.16,25.16,24.9,24.93,4393,-0.22,0.26,-0.9,1.03,0.13,-1
2022-04-08,24.96,25.0,24.96,24.98,666,0.02,0.04,0.08,0.16,0.02,-1
2022-04-07,25.07,25.07,24.95,25.0,846,-0.07,0.12,-0.28,0.48,0.06,1
2022-04-06,25.15,25.15,24.95,24.95,1000,-0.2,0.2,-0.8,0.8,0.1,-1
2022-04-05,25.35,25.35,24.95,24.95,1254,-0.4,0.4,-1.6,1.6,0.2,-1
2022-04-04,25.33,25.33,25.33,25.33,100,0.0,0.0,0.0,0.0,0.0,-1
2022-04-01,24.92,25.37,24.91,25.33,1851,0.41,0.46,1.62,1.82,0.23,1
2022-03-31,25.1,25.16,25.09,25.15,6328,0.05,0.07,0.2,0.28,0.04,1
2022-03-30,25.1,25.1,25.04,25.1,17731,0.0,0.06,0.0,0.24,0.03,1
2022-03-29,25.1,25.1,24.99,24.99,5613,-0.11,0.11,-0.44,0.44,0.06,-1
2022-03-28,24.75,25.27,24.75,25.27,922,0.52,0.52,2.06,2.06,0.26,1
2022-03-25,25.0,25.28,24.34,24.72,1381,-0.28,0.94,-1.13,3.8,0.47,-1
2022-03-24,25.38,25.38,25.0,25.0,2411,-0.38,0.38,-1.5,1.5,0.19,-1
2022-03-23,25.3,25.38,25.3,25.38,4089,0.08,0.08,0.32,0.32,0.04,1
2022-03-22,25.15,25.25,25.15,25.25,4196,0.1,0.1,0.4,0.4,0.05,-1
2022-03-21,25.37,25.4,25.36,25.38,1016,0.01,0.04,0.06,0.16,0.02,1
2022-03-18,25.25,25.32,25.25,25.25,2285,0.0,0.07,0.0,0.27,0.03,1
2022-03-17,25.11,25.11,25.05,25.05,466,-0.06,0.06,-0.25,0.25,0.03,1
2022-03-16,25.25,25.25,25.0,25.0,1612,-0.25,0.25,-1.0,1.0,0.12,-1
2022-03-15,25.0,25.0,25.0,25.0,1,0.0,0.0,0.0,0.0,0.0,-1
2022-03-14,25.12,25.12,25.0,25.0,2994,-0.12,0.12,-0.5,0.5,0.06,-1
2022-03-11,25.45,25.45,25.45,25.45,0,0.0,0.0,0.0,0.0,0.0,-1
2022-03-10,25.45,25.45,25.45,25.45,212,0.0,0.0,0.0,0.0,0.0,1
2022-03-09,25.23,25.5,25.15,25.27,1697,0.04,0.35,0.16,1.39,0.18,1
2022-03-08,25.39,25.55,25.01,25.25,2122,-0.14,0.54,-0.57,2.14,0.27,-1
2022-03-07,25.58,25.58,25.58,25.58,1408,0.0,0.0,0.0,0.0,0.0,-1
2022-03-04,25.29,25.58,25.23,25.58,2065,0.29,0.35,1.13,1.37,0.17,1
2022-03-03,25.3,25.38,25.3,25.38,429,0.08,0.08,0.32,0.32,0.04,1
2022-03-02,25.15,25.25,25.13,25.25,14380,0.1,0.12,0.4,0.48,0.06,-1
2022-03-01,25.06,25.3,24.9,25.25,8193,0.19,0.4,0.75,1.58,0.2,-1
2022-02-28,25.49,25.6,24.8,25.6,550,0.11,0.8,0.43,3.13,0.4,1
2022-02-25,25.41,25.59,24.87,25.59,5714,0.18,0.72,0.7,2.81,0.36,1
2022-02-24,25.2,25.2,25.2,25.2,0,0.0,0.0,0.0,0.0,0.0,-1
2022-02-23,25.19,25.2,25.19,25.2,725,0.01,0.01,0.04,0.04,0.0,-1
2022-02-22,25.67,25.67,25.2,25.2,3879,-0.47,0.47,-1.87,1.87,0.24,1
2022-02-18,25.87,26.31,24.5,25.02,13296,-0.85,1.81,-3.4,7.23,0.9,1
2022-02-17,24.6,24.6,24.6,24.6,0,0.0,0.0,0.0,0.0,0.0,-1
2022-02-16,24.3,25.06,24.3,24.6,2307,0.3,0.76,1.22,3.09,0.38,-1
2022-02-15,25.12,25.14,25.04,25.14,1500,0.02,0.1,0.07,0.4,0.05,1
2022-02-14,24.93,24.93,24.35,24.5,2149,-0.43,0.58,-1.76,2.37,0.29,-1
2022-02-11,25.15,25.15,24.93,24.93,1187,-0.22,0.22,-0.88,0.88,0.11,-1
2022-02-10,25.32,25.71,25.32,25.36,1425,0.04,0.39,0.16,1.54,0.2,-1
2022-02-09,25.69,25.69,25.06,25.45,8635,-0.24,0.64,-0.94,2.5,0.32,-1
2022-02-08,26.0,26.15,25.62,25.7,37825,-0.3,0.53,-1.17,2.06,0.26,-1
2022-02-07,25.81,25.81,25.81,25.81,0,0.0,0.0,0.0,0.0,0.0,-1
2022-02-04,25.81,25.81,25.81,25.81,0,0.0,0.0,0.0,0.0,0.0,-1
2022-02-03,26.07,26.07,25.65,25.81,960,-0.27,0.42,-1.04,1.64,0.21,-1
2022-02-02,25.99,25.99,25.99,25.99,1,0.0,0.0,0.0,0.0,0.0,-1
2022-02-01,25.99,25.99,25.99,25.99,200,0.0,0.0,0.0,0.0,0.0,1
2022-01-31,25.85,25.85,25.85,25.85,40,0.0,0.0,0.0,0.0,0.0,-1
2022-01-28,26.1,26.3,25.85,25.85,7109,-0.25,0.45,-0.97,1.74,0.22,-1
2022-01-27,26.25,26.25,25.85,26.0,1494,-0.25,0.4,-0.96,1.53,0.2,-1
2022-01-26,27.62,27.62,27.62,27.62,100,0.0,0.0,0.0,0.0,0.0,-1
2022-01-25,25.87,27.77,25.87,27.77,6426,1.9,1.9,6.85,6.85,0.95,1
2022-01-24,26.29,26.3,26.0,26.0,4496,-0.29,0.3,-1.12,1.15,0.15,-1
2022-01-21,26.55,26.55,26.55,26.55,10,0.0,0.0,0.0,0.0,0.0,-1
2022-01-20,26.39,26.61,26.39,26.55,8049,0.16,0.22,0.6,0.83,0.11,1
2022-01-19,26.25,26.5,26.25,26.45,5130,0.2,0.25,0.76,0.94,0.12,-1
2022-01-18,26.25,26.69,26.25,26.63,859,0.38,0.44,1.44,1.65,0.22,1
2022-01-14,26.53,26.53,26.53,26.53,5,0.0,0.0,0.0,0.0,0.0,-1
2022-01-13,27.23,27.23,26.5,26.53,5075,-0.7,0.73,-2.62,2.74,0.36,-1
2022-01-12,26.7,26.7,26.7,26.7,0,0.0,0.0,0.0,0.0,0.0,-1
2022-01-11,26.7,26.7,26.7,26.7,95,0.0,0.0,0.0,0.0,0.0,-1
2022-01-10,26.79,26.79,26.7,26.7,696,-0.09,0.09,-0.34,0.34,0.04,-1
2022-01-07,26.54,26.75,26.54,26.74,1640,0.2,0.21,0.77,0.8,0.11,-1
2022-01-06,26.52,26.85,26.52,26.78,5363,0.26,0.33,0.98,1.23,0.17,1
2022-01-05,26.48,26.48,26.4,26.4,6035,-0.08,0.08,-0.3,0.3,0.04,-1
2022-01-04,26.25,26.47,26.25,26.47,5607,0.22,0.22,0.83,0.83,0.11,1
2022-01-03,26.3,26.3,26.3,26.3,210,0.0,0.0,0.0,0.0,0.0,-1
2021-12-31,26.18,26.3,26.18,26.3,11307,0.12,0.12,0.46,0.46,0.06,1
2021-12-30,26.17,26.17,26.17,26.17,252,0.0,0.0,0.0,0.0,0.0,1
2021-12-29,26.0,26.0,25.97,25.97,260,-0.03,0.03,-0.1,0.1,0.01,-1
2021-12-28,26.41,26.47,26.14,26.15,70970,-0.26,0.33,-0.98,1.26,0.16,-1
2021-12-27,26.2,26.47,26.2,26.25,8776,0.05,0.27,0.19,1.03,0.13,1
2021-12-23,26.08,26.2,26.04,26.2,8948,0.12,0.16,0.46,0.61,0.08,1
2021-12-22,26.0,26.08,26.0,26.07,6313,0.07,0.08,0.27,0.31,0.04,-1
2021-12-21,26.08,26.08,26.08,26.08,1010,0.0,0.0,0.0,0.0,0.0,1
2021-12-20,26.0,26.0,26.0,26.0,6600,0.0,0.0,0.0,0.0,0.0,-1
2021-12-17,26.0,26.0,26.0,26.0,0,0.0,0.0,0.0,0.0,0.0,-1
2021-12-16,26.19,26.2,26.0,26.0,1400,-0.19,0.2,-0.73,0.77,0.1,1
2021-12-15,25.94,25.94,25.94,25.94,256,0.0,0.0,0.0,0.0,0.0,1
2021-12-14,25.8,25.88,25.8,25.88,4549,0.08,0.08,0.31,0.31,0.04,-1
2021-12-13,25.8,25.99,25.6,25.99,4273,0.19,0.39,0.73,1.5,0.19,1
2021-12-10,25.7,25.7,25.7,25.7,1094,0.0,0.0,0.0,0.0,0.0,-1
2021-12-09,25.45,25.7,25.35,25.7,16980,0.25,0.35,0.97,1.36,0.17,1
2021-12-08,26.06,26.06,25.42,25.43,4410,-0.63,0.64,-2.48,2.52,0.32,-1
2021-12-07,26.25,26.28,26.18,26.25,4363,0.0,0.1,0.0,0.38,0.05,-1
2021-12-06,26.22,26.25,26.21,26.25,12900,0.03,0.04,0.11,0.15,0.02,-1
2021-12-03,25.9,26.32,25.9,26.32,391,0.42,0.42,1.6,1.6,0.21,1
2021-12-02,25.65,25.65,25.65,25.65,200,0.0,0.0,0.0,0.0,0.0,-1
2021-12-01,25.95,25.95,25.95,25.95,1370,0.0,0.0,0.0,0.0,0.0,-1
2021-11-30,26.25,26.25,26.25,26.25,2397,0.0,0.0,0.0,0.0,0.0,1
2021-11-29,26.15,26.15,26.15,26.15,10,0.0,0.0,0.0,0.0,0.0,-1
2021-11-26,26.15,26.15,26.15,26.15,0,0.0,0.0,0.0,0.0,0.0,-1
2021-11-24,26.15,26.15,26.15,26.15,0,0.0,0.0,0.0,0.0,0.0,-1
2021-11-23,26.04,26.15,26.04,26.15,8400,0.11,0.11,0.42,0.42,0.05,1
2021-11-22,25.7,25.89,25.67,25.88,3471,0.18,0.22,0.7,0.85,0.11,1
2021-11-19,25.82,25.82,25.82,25.82,0,0.0,0.0,0.0,0.0,0.0,-1
2021-11-18,26.0,26.0,25.81,25.82,30390,-0.18,0.19,-0.71,0.75,0.1,-1
2021-11-17,25.88,26.25,25.82,26.25,15894,0.37,0.43,1.41,1.64,0.21,1
2021-11-16,25.96,26.0,25.96,26.0,797,0.04,0.04,0.17,0.17,0.02,1
2021-11-15,25.6,25.92,25.6,25.92,6969,0.32,0.32,1.23,1.23,0.16,1
2021-11-12,25.96,25.96,25.85,25.85,1508,-0.11,0.11,-0.42,0.42,0.05,-1
2021-11-11,25.91,25.92,25.56,25.92,42102,0.01,0.36,0.04,1.39,0.18,1
2021-11-10,25.75,25.75,25.62,25.65,9298,-0.1,0.13,-0.39,0.51,0.06,-1
2021-11-09,25.71,25.75,25.66,25.75,2029,0.04,0.09,0.16,0.35,0.04,-1
2021-11-08,25.92,25.92,25.7,25.92,10610,-0.0,0.22,-0.0,0.86,0.11,1
2021-11-05,25.75,25.75,25.75,25.75,201,0.0,0.0,0.0,0.0,0.0,-1
2021-11-04,25.75,25.75,25.75,25.75,0,0.0,0.0,0.0,0.0,0.0,-1
2021-11-03,25.75,25.75,25.75,25.75,650,0.0,0.0,0.0,0.0,0.0,-1
2021-11-02,25.75,25.82,25.75,25.8,1131,0.05,0.07,0.19,0.29,0.04,1
2021-11-01,25.55,25.75,25.52,25.7,49336,0.15,0.23,0.58,0.89,0.12,-1
2021-10-29,25.67,25.85,25.65,25.85,900,0.18,0.2,0.7,0.77,0.1,1
2021-10-28,25.7,25.84,25.6,25.67,1783,-0.03,0.24,-0.12,0.93,0.12,-1
2021-10-27,25.53,25.74,25.52,25.7,3000,0.17,0.22,0.66,0.87,0.11,1
2021-10-26,25.55,25.55,25.54,25.54,1074,-0.01,0.01,-0.04,0.04,0.01,1
2021-10-25,25.69,25.7,25.5,25.5,15646,-0.19,0.2,-0.75,0.78,0.1,-1
2021-10-22,25.9,25.9,25.75,25.9,3055,0.0,0.15,0.0,0.58,0.07,-1
2021-10-21,26.0,26.0,25.82,25.9,4104,-0.1,0.18,-0.39,0.68,0.09,1
2021-10-20,25.8,25.9,25.68,25.85,29003,0.05,0.22,0.19,0.87,0.11,1
2021-10-19,25.75,25.75,25.72,25.75,1749,0.0,0.03,0.0,0.12,0.02,-1
2021-10-18,25.42,25.79,25.42,25.79,2908,0.37,0.37,1.42,1.42,0.18,1
2021-10-15,25.59,25.68,25.59,25.68,1250,0.09,0.09,0.37,0.37,0.05,1
2021-10-14,25.44,25.63,25.44,25.61,6360,0.16,0.18,0.64,0.72,0.09,1
2021-10-13,25.4,25.4,25.4,25.4,800,0.0,0.0,0.0,0.0,0.0,1
2021-10-12,25.47,25.47,25.36,25.38,557,-0.09,0.11,-0.35,0.41,0.05,1
2021-10-11,25.26,25.35,25.17,25.35,1886,0.09,0.18,0.36,0.71,0.09,-1
2021-10-08,25.47,25.47,25.47,25.47,1,0.0,0.0,0.0,0.0,0.0,-1
2021-10-07,25.4,25.47,25.4,25.47,410,0.07,0.07,0.27,0.27,0.04,-1
2021-10-06,25.48,25.48,25.48,25.48,0,0.0,0.0,0.0,0.0,0.0,-1
2021-10-05,25.29,25.5,25.25,25.48,3630,0.19,0.25,0.75,0.98,0.12,1
2021-10-04,25.62,25.81,25.17,25.17,16723,-0.45,0.64,-1.79,2.54,0.32,-1
2021-10-01,25.69,25.99,25.69,25.99,1100,0.3,0.3,1.15,1.16,0.15,1
2021-09-30,25.67,25.67,25.66,25.67,459,0.0,0.01,0.0,0.04,0.01,-1
2021-09-29,25.8,26.02,25.6,25.78,10690,-0.03,0.42,-0.1,1.65,0.21,-1
2021-09-28,25.9,25.95,25.8,25.8,1505,-0.1,0.15,-0.39,0.58,0.07,-1
2021-09-27,25.9,25.9,25.9,25.9,3586,0.0,0.0,0.01,0.01,0.0,1
2021-09-24,25.87,25.87,25.87,25.87,414,0.0,0.0,0.0,0.0,0.0,-1
2021-09-23,25.8,26.0,25.8,26.0,2800,0.2,0.2,0.76,0.76,0.1,1
2021-09-22,25.83,25.83,25.83,25.83,94,0.0,0.0,0.0,0.0,0.0,-1
2021-09-21,25.83,25.83,25.82,25.83,1001,0.0,0.01,0.0,0.04,0.0,-1
2021-09-20,25.64,25.85,25.64,25.85,2026,0.21,0.21,0.81,0.81,0.1,-1
2021-09-17,25.91,25.91,25.87,25.87,283,-0.04,0.04,-0.15,0.15,0.02,-1
2021-09-16,25.85,26.07,25.85,26.05,2116,0.2,0.22,0.77,0.84,0.11,1
2021-09-15,25.79,25.97,25.69,25.97,2410,0.18,0.28,0.68,1.07,0.14,1
2021-09-14,25.81,25.81,25.81,25.81,1300,0.0,0.0,0.02,0.02,0.0,-1
2021-09-13,26.65,26.65,26.65,26.65,0,0.0,0.0,0.0,0.0,0.0,-1
2021-09-10,26.28,26.65,26.28,26.65,3738,0.37,0.37,1.4,1.4,0.19,1
2021-09-09,26.1,26.1,26.0,26.05,2067,-0.05,0.1,-0.19,0.38,0.05,-1
2021-09-08,26.17,26.17,26.17,26.17,1104,0.0,0.0,0.0,0.0,0.0,-1
2021-09-07,26.55,26.55,26.53,26.55,1206,0.0,0.02,0.0,0.08,0.01,-1
2021-09-03,26.55,26.55,26.55,26.55,0,0.0,0.0,0.0,0.0,0.0,-1
2021-09-02,26.53,26.55,26.53,26.55,1007,0.02,0.02,0.09,0.09,0.01,1
2021-09-01,26.37,26.37,26.37,26.37,425,0.0,0.0,0.0,0.0,0.0,1
2021-08-31,26.4,26.4,26.25,26.25,550,-0.15,0.15,-0.57,0.57,0.07,1
2021-08-30,26.03,26.03,26.03,26.03,0,0.0,0.0,0.0,0.0,0.0,-1
2021-08-27,26.03,26.03,26.03,26.03,116,0.0,0.0,0.0,0.0,0.0,1
2021-08-26,26.35,26.6,26.0,26.0,2907,-0.35,0.6,-1.35,2.32,0.3,-1
2021-08-25,26.0,26.61,26.0,26.5,5426,0.5,0.61,1.87,2.3,0.3,1
2021-08-24,25.86,26.24,25.86,26.2,5301,0.34,0.38,1.28,1.43,0.19,1
2021-08-23,25.88,25.98,25.88,25.95,2530,0.07,0.11,0.29,0.41,0.05,1
2021-08-20,25.75,25.85,25.75,25.85,2664,0.1,0.1,0.39,0.39,0.05,1
2021-08-19,25.61,25.99,25.61,25.82,4378,0.21,0.38,0.83,1.47,0.19,1
2021-08-18,25.88,25.94,25.62,25.62,3710,-0.26,0.32,-1.01,1.25,0.16,-1
2021-08-17,25.88,26.0,25.56,25.92,3372,0.04,0.44,0.15,1.7,0.22,1
2021-08-16,25.75,25.81,25.7,25.71,2118,-0.04,0.11,-0.16,0.44,0.06,1
2021-08-13,25.6,25.6,25.6,25.6,1702,-0.0,0.0,-0.0,0.02,0.0,1
2021-08-12,25.65,25.65,25.57,25.57,1106,-0.08,0.08,-0.31,0.31,0.04,-1
2021-08-11,25.63,25.63,25.55,25.62,2768,-0.01,0.08,-0.04,0.31,0.04,-1
2021-08-10,25.59,25.65,25.54,25.62,8185,0.03,0.11,0.12,0.43,0.05,-1
2021-08-09,25.82,25.82,25.7,25.7,1591,-0.12,0.12,-0.47,0.47,0.06,-1
2021-08-06,25.72,26.26,25.66,25.77,5369,0.05,0.59,0.19,2.31,0.3,1
2021-08-05,25.75,25.75,25.59,25.75,12111,0.0,0.16,0.0,0.62,0.08,1
2021-08-04,25.66,25.77,25.57,25.6,30404,-0.06,0.2,-0.22,0.78,0.1,-1
2021-08-03,25.72,25.72,25.65,25.7,15901,-0.02,0.07,-0.08,0.27,0.04,-1
2021-08-02,25.65,25.75,25.65,25.72,24643,0.07,0.1,0.27,0.39,0.05,-1
2021-07-30,25.61,26.26,25.6,25.78,9703,0.17,0.66,0.66,2.56,0.33,1
2021-07-29,25.6,25.62,25.56,25.6,3849,0.0,0.07,0.0,0.25,0.03,-1
2021-07-28,25.64,25.65,25.6,25.6,2543,-0.04,0.05,-0.14,0.2,0.02,1
2021-07-27,25.55,25.6,25.55,25.58,1766,0.03,0.05,0.12,0.2,0.03,-1
2021-07-26,25.67,25.67,25.55,25.6,13186,-0.07,0.12,-0.27,0.47,0.06,-1
2021-07-23,25.63,25.65,25.63,25.65,6797,0.01,0.02,0.05,0.08,0.01,-1
2021-07-22,25.74,25.77,25.6,25.65,49438,-0.09,0.17,-0.35,0.66,0.08,-1
2021-07-21,25.68,25.69,25.61,25.66,6920,-0.02,0.08,-0.08,0.31,0.04,1
2021-07-20,25.62,25.72,25.53,25.62,3710,-0.0,0.19,-0.02,0.73,0.09,-1
2021-07-19,25.59,25.75,25.59,25.67,7921,0.08,0.16,0.31,0.62,0.08,-1
2021-07-16,25.7,25.75,25.69,25.74,4675,0.04,0.06,0.16,0.23,0.03,-1
2021-07-15,25.84,25.87,25.68,25.75,9071,-0.09,0.19,-0.35,0.72,0.09,-1
2021-07-14,25.65,25.98,25.65,25.93,23933,0.28,0.33,1.08,1.27,0.17,1
2021-07-13,25.65,25.74,25.65,25.7,47572,0.05,0.09,0.19,0.36,0.05,-1
2021-07-12,25.74,25.74,25.65,25.73,38844,-0.01,0.09,-0.04,0.35,0.04,1
2021-07-09,25.59,25.74,25.53,25.69,108193,0.1,0.21,0.39,0.82,0.1,1
2021-07-08,25.59,25.59,25.46,25.51,45387,-0.08,0.14,-0.31,0.53,0.07,-1
2021-07-07,25.5,25.75,25.5,25.68,83948,0.18,0.25,0.7,0.97,0.12,1
2021-07-06,25.75,25.75,25.45,25.5,23517,-0.25,0.3,-0.98,1.18,0.15,-1
2021-07-02,25.47,25.64,25.4,25.63,21599,0.16,0.24,0.62,0.94,0.12,1
2021-07-01,25.4,25.47,25.16,25.47,24058,0.07,0.31,0.27,1.22,0.15,1
2021-06-30,25.44,25.5,25.3,25.42,98575,-0.02,0.2,-0.08,0.79,0.1,1
2021-06-29,25.3,25.33,25.17,25.3,992100,0.0,0.16,0.0,0.62,0.08,-1
